1 Andaman&NicobarIslands 11.6 14.9 13.1 0 0 0 14.4 25.9 20.0
2 AndhraPradesh 31.8 23.4 27.6 25.9 20.4 23.1 25.6 16.6 21.0
3 ArunachalPradesh 36.9 24.9 30.9 0 0 0 43.8 27.4 35.1
4 Assam 14.5 14.2 14.4 11.9 11.4 11.7 14.4 12.9 13.6
5 Bihar 14.7 11.2 13.1 10.5 6.0 8.3 12.2 9.3 10.8
6 Chandigarh 52.4 53.8 53.0 19.4 19.0 19.2 0 0 0
7 Chhatisgarh 12.1 9.9 11.0 10.0 7.5 8.8 5.6 4.6 5.1
8 Dadra&NagarHaveli 6.2 7.1 6.5 6.7 5.2 6.1 1.6 1.0 1.3
9 Daman&Diu 3.0 7.6 4.2 10.7 22.7 16.2 18.1 9.2 13.6
10 Delhi 35.7 33.6 34.8 19.7 15.6 17.8 0 0 0
11 Goa 34.9 40.4 37.4 27.5 27.5 27.5 22.0 21.1 21.6
12 Gujarat 19.3 15.7 17.6 19.6 16.2 18.0 10.1 9.4 9.7
13 Haryana 28.4 27.3 27.9 18.8 16.9 17.9 0 0 0
14 HimachalPradesh 25.7 24.2 25.0 14.3 12.8 13.5 21.0 19.7 20.4
15 JammuandKashmir 22.6 24.9 23.7 2.8 2.8 2.8 2.3 1.8 2.0
16 Jharkhand 9.1 7.6 8.4 6.5 4.2 5.4 3.9 3.9 3.9
17 Karnataka 25.2 22.8 24.0 17.1 13.7 15.4 14.4 11.0 12.7
18 Kerala 19.3 26.9 23.1 12.3 22.7 17.5 11.4 13.2 12.3
19 Lakshadweep 0.0 0.0 0.0 0.0 0.0 0.0 0.0 0.0 0.0
20 MadhyaPradesh 19.8 14.6 17.4 12.0 11.1 11.6 7.6 6.2 6.9
21 Maharashtra 29.7 24.8 27.4 27.1 22.5 24.9 15.9 9.1 12.5
22 Manipur 32.3 34.4 33.4 76.7 72.4 74.5 24.8 20.5 22.7
23 Meghalaya 14.3 18.3 16.4 48.6 24.0 37.0 8.6 13.4 11.1
24 Mizoram 21.6 19.6 20.6 98.2 128.6 109.2 21.8 19.5 20.6
25 Nagaland 22.0 13.7 17.9 0 0 0 21.3 13.1 17.2
26 Odisha 18.4 14.3 16.3 10.2 8.1 9.1 8.4 6.6 7.5
27 Puducherry 39.1 35.1 37.1 36.8 30.6 33.5 0 0 0
28 Punjab 22.6 17.1 20.0 9.3 7.0 8.2 0 0 0
29 Rajasthan 20.8 14.9 18.0 14.6 8.9 12.0 16.6 9.7 13.2
30 Sikkim 31.2 24.4 27.9 40.0 28.2 33.9 17.4 18.2 17.8
31 TamilNadu 41.1 35.2 38.2 28.7 25.6 27.1 34.2 27.9 31.0
32 Tripura 14.2 9.1 11.6 12.3 7.7 10.0 7.7 4.1 5.8
33 UttarPradesh 15.6 18.1 16.8 11.5 13.7 12.5 20.8 16.9 18.9
34 Uttrakhand 26.5 27.9 27.2 16.3 16.7 16.5 27.4 32.6 30.0
35 WestBengal 14.7 10.7 12.8 10.0 7.1 8.6 7.2 4.6 5.9